1.665555555555555625e+14 1.488983708333333267e+00
1.670555555555555625e+14 1.493453639412386069e+00
1.675555555555555625e+14 1.497923570491438872e+00
1.680555555555555625e+14 1.502393501570491452e+00
1.685555555555555625e+14 1.506863432649544254e+00
1.690555555555555625e+14 1.511333363728596835e+00
1.695555555555555625e+14 1.515803294807649637e+00
1.700555555555555625e+14 1.520273225886702217e+00
1.705555555555555625e+14 1.524743156965755020e+00
1.710555555555555625e+14 1.529213088044807600e+00
1.715555555555555625e+14 1.533683019123860403e+00
1.720555555555555625e+14 1.538152950202912983e+00
1.725555555555555625e+14 1.542622881281965785e+00
1.730555555555555625e+14 1.547092812361018588e+00
1.735555555555555625e+14 1.551562743440071168e+00
1.740555555555555625e+14 1.556032674519123971e+00
1.745555555555555625e+14 1.560502605598176551e+00
1.750555555555555625e+14 1.564972536677229353e+00
1.755555555555555625e+14 1.569442467756281934e+00
1.760555555555555625e+14 1.573912398835334736e+00
1.765555555555555625e+14 1.578382329914387316e+00
1.770555555555555625e+14 1.582852260993440119e+00
1.775555555555555625e+14 1.587322192072492699e+00
1.780555555555555625e+14 1.591792123151545502e+00
1.785555555555555625e+14 1.596262054230598304e+00
1.790555555555555625e+14 1.600731985309650884e+00
