1.665555555555555625e+14 4.466952072916666516e+00
1.670555555555555625e+14 4.480361868999471753e+00
1.675555555555555625e+14 4.493771665082276989e+00
1.680555555555555625e+14 4.507181461165082226e+00
1.685555555555555625e+14 4.520591257247887462e+00
1.690555555555555625e+14 4.534001053330692699e+00
1.695555555555555625e+14 4.547410849413497935e+00
1.700555555555555625e+14 4.560820645496302284e+00
1.705555555555555625e+14 4.574230441579107520e+00
1.710555555555555625e+14 4.587640237661912757e+00
1.715555555555555625e+14 4.601050033744717993e+00
1.720555555555555625e+14 4.614459829827523230e+00
1.725555555555555625e+14 4.627869625910328466e+00
1.730555555555555625e+14 4.641279421993133703e+00
1.735555555555555625e+14 4.654689218075938939e+00
1.740555555555555625e+14 4.668099014158744176e+00
1.745555555555555625e+14 4.681508810241549412e+00
1.750555555555555625e+14 4.694918606324354649e+00
1.755555555555555625e+14 4.708328402407159885e+00
1.760555555555555625e+14 4.721738198489965121e+00
1.765555555555555625e+14 4.735147994572770358e+00
1.770555555555555625e+14 4.748557790655575594e+00
1.775555555555555625e+14 4.761967586738380831e+00
1.780555555555555625e+14 4.775377382821186067e+00
1.785555555555555625e+14 4.788787178903991304e+00
1.790555555555555625e+14 4.802196974986796540e+00
