1.665555555555555625e+14 2.977968080208333479e+00
1.670555555555555625e+14 2.986907944358391909e+00
1.675555555555555625e+14 2.995847808508449894e+00
1.680555555555555625e+14 3.004787672658508324e+00
1.685555555555555625e+14 3.013727536808566754e+00
1.690555555555555625e+14 3.022667400958625183e+00
1.695555555555555625e+14 3.031607265108683613e+00
1.700555555555555625e+14 3.040547129258742043e+00
1.705555555555555625e+14 3.049486993408800473e+00
1.710555555555555625e+14 3.058426857558858458e+00
1.715555555555555625e+14 3.067366721708916888e+00
1.720555555555555625e+14 3.076306585858975318e+00
1.725555555555555625e+14 3.085246450009033747e+00
1.730555555555555625e+14 3.094186314159092177e+00
1.735555555555555625e+14 3.103126178309150607e+00
1.740555555555555625e+14 3.112066042459209037e+00
1.745555555555555625e+14 3.121005906609267466e+00
1.750555555555555625e+14 3.129945770759325452e+00
1.755555555555555625e+14 3.138885634909383882e+00
1.760555555555555625e+14 3.147825499059442311e+00
1.765555555555555625e+14 3.156765363209500741e+00
1.770555555555555625e+14 3.165705227359559171e+00
1.775555555555555625e+14 3.174645091509617600e+00
1.780555555555555625e+14 3.183584955659676030e+00
1.785555555555555625e+14 3.192524819809734460e+00
1.790555555555555625e+14 3.201464683959792445e+00
