1.665555555555555625e+14 3.087051160069444578e+00
1.670555555555555625e+14 3.096318491770786885e+00
1.675555555555555625e+14 3.105585823472129636e+00
1.680555555555555625e+14 3.114853155173471944e+00
1.685555555555555625e+14 3.124120486874814695e+00
1.690555555555555625e+14 3.133387818576157002e+00
1.695555555555555625e+14 3.142655150277499754e+00
1.700555555555555625e+14 3.151922481978842505e+00
1.705555555555555625e+14 3.161189813680184812e+00
1.710555555555555625e+14 3.170457145381527564e+00
1.715555555555555625e+14 3.179724477082869871e+00
1.720555555555555625e+14 3.188991808784212623e+00
1.725555555555555625e+14 3.198259140485554930e+00
1.730555555555555625e+14 3.207526472186897681e+00
1.735555555555555625e+14 3.216793803888240433e+00
1.740555555555555625e+14 3.226061135589582740e+00
1.745555555555555625e+14 3.235328467290925492e+00
1.750555555555555625e+14 3.244595798992267799e+00
1.755555555555555625e+14 3.253863130693610550e+00
1.760555555555555625e+14 3.263130462394952858e+00
1.765555555555555625e+14 3.272397794096295609e+00
1.770555555555555625e+14 3.281665125797638360e+00
1.775555555555555625e+14 3.290932457498980668e+00
1.780555555555555625e+14 3.300199789200323419e+00
1.785555555555555625e+14 3.309467120901665727e+00
1.790555555555555625e+14 3.318734452603008478e+00
