1.665555555555555625e+14 1.543525236111111143e+00
1.670555555555555625e+14 1.548158900929323289e+00
1.675555555555555625e+14 1.552792565747535436e+00
1.680555555555555625e+14 1.557426230565747582e+00
1.685555555555555625e+14 1.562059895383959729e+00
1.690555555555555625e+14 1.566693560202171875e+00
1.695555555555555625e+14 1.571327225020384022e+00
1.700555555555555625e+14 1.575960889838596168e+00
1.705555555555555625e+14 1.580594554656808315e+00
1.710555555555555625e+14 1.585228219475020461e+00
1.715555555555555625e+14 1.589861884293232608e+00
1.720555555555555625e+14 1.594495549111444754e+00
1.725555555555555625e+14 1.599129213929656901e+00
1.730555555555555625e+14 1.603762878747869047e+00
1.735555555555555625e+14 1.608396543566081194e+00
1.740555555555555625e+14 1.613030208384293118e+00
1.745555555555555625e+14 1.617663873202505265e+00
1.750555555555555625e+14 1.622297538020717411e+00
1.755555555555555625e+14 1.626931202838929558e+00
1.760555555555555625e+14 1.631564867657141704e+00
1.765555555555555625e+14 1.636198532475353851e+00
1.770555555555555625e+14 1.640832197293565997e+00
1.775555555555555625e+14 1.645465862111778144e+00
1.780555555555555625e+14 1.650099526929990290e+00
1.785555555555555625e+14 1.654733191748202437e+00
1.790555555555555625e+14 1.659366856566414583e+00
