1.665555555555555625e+14 4.630576690972222131e+00
1.670555555555555625e+14 4.644477688376741575e+00
1.675555555555555625e+14 4.658378685781261019e+00
1.680555555555555625e+14 4.672279683185780463e+00
1.685555555555555625e+14 4.686180680590300796e+00
1.690555555555555625e+14 4.700081677994820240e+00
1.695555555555555625e+14 4.713982675399339684e+00
1.700555555555555625e+14 4.727883672803859127e+00
1.705555555555555625e+14 4.741784670208379460e+00
1.710555555555555625e+14 4.755685667612898904e+00
1.715555555555555625e+14 4.769586665017418348e+00
1.720555555555555625e+14 4.783487662421937792e+00
1.725555555555555625e+14 4.797388659826458124e+00
1.730555555555555625e+14 4.811289657230977568e+00
1.735555555555555625e+14 4.825190654635497012e+00
1.740555555555555625e+14 4.839091652040016456e+00
1.745555555555555625e+14 4.852992649444536788e+00
1.750555555555555625e+14 4.866893646849056232e+00
1.755555555555555625e+14 4.880794644253575676e+00
1.760555555555555625e+14 4.894695641658096008e+00
1.765555555555555625e+14 4.908596639062615452e+00
1.770555555555555625e+14 4.922497636467134896e+00
1.775555555555555625e+14 4.936398633871654340e+00
1.780555555555555625e+14 4.950299631276174672e+00
1.785555555555555625e+14 4.964200628680694116e+00
1.790555555555555625e+14 4.978101626085213560e+00
